36.534840 63.419878 0.999751 391452.473862 0.340135 4.019582 
49.331942 73.023208 0.999813 463444.183119 0.248651 4.765811 
52.006624 80.020063 0.999844 588459.483579 0.237914 4.595056 
59.498386 82.696733 0.999854 514257.298471 0.204421 4.902165 
64.481111 69.797762 0.999795 144479.301922 0.173354 5.176128 
70.090734 72.746239 0.999811 111490.043206 0.181014 4.955936 
49.860042 69.689231 0.999794 308989.825077 0.268440 4.495824 
61.969175 74.295274 0.999819 243240.862586 0.205843 4.987779 
53.563747 73.202907 0.999813 362319.385289 0.156189 5.023165 
43.175464 69.315550 0.999792 400693.519944 0.350728 3.904888 
47.907635 71.900496 0.999807 405372.958109 0.191013 4.668316 
64.271677 80.993884 0.999848 443318.947404 0.142392 5.331099 
51.333506 75.518844 0.999825 420103.218081 0.335848 4.065498 
61.129806 80.477473 0.999846 394469.925125 0.271754 4.560599 
40.954519 68.954631 0.999790 407477.470935 0.361895 3.623573 
42.900030 66.576791 0.999774 327496.756029 0.387328 3.709368 
30.582948 64.105340 0.999757 477764.096791 0.446677 3.063019 
30.623537 62.996627 0.999748 446210.183566 0.382047 3.247881 
75.561152 80.040585 0.999844 160443.666056 0.207323 5.034862 
68.757238 77.963042 0.999836 213623.154987 0.199048 4.960593 
59.495397 78.185466 0.999836 393068.662297 0.143379 5.256888 
43.878361 69.692981 0.999794 409090.957070 0.263415 4.379042 
64.906588 79.883641 0.999843 329124.405379 0.144974 5.104438 
51.492773 71.103285 0.999802 338363.809661 0.145812 5.005651 
59.067241 67.201755 0.999779 211564.178362 0.170136 5.409927 
54.814167 67.226074 0.999779 250658.983718 0.190798 5.204632 
49.760590 57.008517 0.999692 137343.775703 0.138772 5.377402 
53.611969 62.540216 0.999744 202534.997247 0.136975 5.580478 
62.013885 85.947511 0.999865 562700.036727 0.147843 4.854973 
56.450748 82.583208 0.999853 550500.540366 0.256362 4.269735 
54.487045 71.444918 0.999804 331050.609731 0.141361 5.355355 
63.404789 75.016691 0.999822 280019.671309 0.137718 5.595389 
24.979063 54.856998 0.999668 351223.516598 0.381419 3.449467 
31.686773 63.676404 0.999753 468365.707403 0.379147 3.581222 
27.531228 59.221879 0.999715 429066.832786 0.379848 3.516752 
31.517896 64.179968 0.999757 500741.197404 0.387798 3.577308 
32.404355 64.851383 0.999762 486023.421265 0.430801 3.331350 
31.806812 62.299486 0.999742 405741.072511 0.506652 2.990022 
26.974957 61.517987 0.999736 484491.553231 0.539794 2.697252 
19.725718 52.312196 0.999635 374957.387537 0.653846 2.125435 
43.535803 68.710927 0.999788 403219.775166 0.307256 4.257292 
46.370776 67.276779 0.999779 326501.458698 0.293909 4.427699 
25.741673 52.957916 0.999644 283536.538422 0.417876 3.353174 
34.950173 65.255752 0.999765 427714.578309 0.380765 3.517632 
42.439271 67.041227 0.999778 385966.511469 0.255773 4.470531 
45.907463 68.574099 0.999787 382718.009031 0.254255 4.587732 
36.516852 63.437888 0.999752 419203.606129 0.274293 4.367625 
42.362430 68.905233 0.999789 468672.381903 0.258502 4.463518 
74.362265 84.256519 0.999859 244214.146599 0.190724 5.024640 
67.836392 79.511325 0.999842 254282.318562 0.195034 5.044905 
61.221894 78.955912 0.999840 412665.965365 0.179623 5.243542 
35.660562 60.390299 0.999726 316707.592425 0.264054 4.263530 
31.752554 70.371750 0.999798 668143.986294 0.447899 2.917309 
29.941711 66.424344 0.999773 566889.795485 0.429040 2.986423 
41.306400 71.282467 0.999803 484596.195562 0.440298 3.386972 
32.917327 62.169348 0.999741 385759.967035 0.511979 3.000015 
59.268116 75.824783 0.999826 307226.669394 0.287399 4.393214 
55.708603 76.106023 0.999827 366898.992681 0.307906 4.231574 
27.027707 47.548404 0.999558 163639.019668 0.375312 3.392893 
26.144643 45.906425 0.999526 156390.077805 0.375857 3.394050 
25.758949 57.756888 0.999700 409909.115503 0.377835 3.237718 
30.789093 59.412177 0.999717 349551.566678 0.377615 3.317089 
49.913107 74.773839 0.999821 456238.144778 0.350596 4.119033 
48.193655 74.484580 0.999820 473108.511155 0.378551 3.918973 
26.817145 57.120462 0.999694 419853.764022 0.259588 4.090818 
29.122974 52.599723 0.999639 247369.479606 0.258988 4.136533 
72.940845 86.156256 0.999865 387636.728812 0.142340 5.429398 
57.900050 80.733100 0.999847 518551.300778 0.147812 5.112742 
52.000072 61.773674 0.999738 167023.547940 0.138784 5.518715 
51.511026 68.104734 0.999784 251868.632468 0.145545 5.063651 
37.667604 66.924598 0.999777 433204.617623 0.475625 3.241241 
31.375896 62.390949 0.999743 428155.726784 0.517918 2.973769 
36.142069 66.990272 0.999777 468268.796389 0.520166 2.990070 
31.181657 61.432469 0.999735 401883.747037 0.550403 2.795991 
43.946716 69.722207 0.999794 415898.115979 0.259500 4.199109 
47.453554 72.292044 0.999809 425048.712686 0.256996 4.262673 
63.728504 70.969355 0.999801 170406.867871 0.202299 4.944369 
52.415766 68.363343 0.999786 249508.289568 0.271163 4.513971 
42.752451 67.962323 0.999784 390820.756353 0.255559 4.397948 
43.162839 69.097810 0.999791 410189.622624 0.259539 4.207008 
62.058043 71.367683 0.999804 213268.956279 0.143962 5.482394 
57.385764 65.618390 0.999768 153861.445006 0.145417 5.406347 
65.102160 76.149295 0.999828 238040.568154 0.200626 5.017807 
76.291120 77.890427 0.999835 110680.001585 0.166913 5.193975 
40.717016 64.602599 0.999760 334618.019998 0.366174 3.938031 
40.995283 64.510658 0.999760 319829.585805 0.379095 3.829472 
36.170139 59.341442 0.999716 271944.812692 0.406489 3.641473 
35.608199 58.259545 0.999705 254954.224170 0.416655 3.578542 
38.477678 68.321172 0.999786 444702.369051 0.431926 3.387118 
45.500031 74.088369 0.999818 488896.555718 0.409980 3.633113 
35.606446 59.485777 0.999717 301957.369946 0.257953 4.276415 
34.373763 57.503286 0.999698 268594.487374 0.260066 4.147935 
39.672892 66.029026 0.999771 389066.338628 0.414613 3.662099 
37.746153 58.755178 0.999710 257429.973378 0.320683 4.160301 
52.212131 73.936335 0.999817 389023.798087 0.343490 4.121141 
48.289919 72.100142 0.999808 398848.400793 0.379007 3.798191 
66.351253 75.528474 0.999825 162007.588413 0.257418 4.335669 
65.601833 73.976734 0.999817 146799.157667 0.245068 4.349309 
48.516677 73.182967 0.999813 424881.726928 0.370266 3.921374 
47.021672 71.005241 0.999802 378040.214241 0.378072 3.828703 
44.318806 72.559989 0.999810 510257.128588 0.282347 4.292404 
36.748125 68.327588 0.999786 525188.264235 0.279627 4.075624 
44.571482 66.421629 0.999773 326303.848841 0.305424 4.348291 
37.018845 62.010191 0.999740 334203.832244 0.367853 3.906933 
69.373524 87.367504 0.999869 501405.759091 0.232048 4.988589 
59.202737 73.168991 0.999813 324274.441995 0.138295 5.588857 
67.949907 82.164184 0.999852 360380.176763 0.233275 4.981819 
71.864904 84.625963 0.999860 335602.612686 0.227979 5.001384 
53.821793 71.545955 0.999805 351001.713077 0.253750 4.820511 
52.508125 71.786068 0.999806 350567.353546 0.293132 4.523168 
61.559910 76.895803 0.999831 314017.601215 0.224805 4.957515 
63.097073 76.141250 0.999828 278027.171441 0.210133 5.083047 
36.210829 68.471205 0.999787 515214.462176 0.391669 3.505892 
25.355501 57.263526 0.999695 394971.213643 0.504772 2.830999 
79.096730 83.112932 0.999855 216950.522803 0.137108 5.684155 
57.425241 73.648826 0.999816 340123.562820 0.144286 5.301893 
46.104526 68.276000 0.999786 348512.404531 0.219884 4.678844 
47.650429 72.910113 0.999812 431517.206488 0.296896 4.295099 
53.036097 73.603588 0.999815 380814.897293 0.144593 5.167784 
50.798588 72.337709 0.999809 389083.970905 0.146420 5.137967 
53.049800 69.107465 0.999791 321925.893598 0.141814 5.372914 
49.552350 65.910766 0.999770 280032.801208 0.142231 5.306788 
43.172710 69.992378 0.999796 435424.712889 0.260594 4.117165 
44.692435 76.703042 0.999830 632888.346219 0.263884 3.932709 
58.331144 77.681644 0.999834 378404.933271 0.314887 4.350964 
68.515974 84.162373 0.999859 355553.067388 0.257602 4.656504 
38.969665 66.696013 0.999775 409414.524545 0.430918 3.508037 
34.596372 61.909587 0.999739 361842.804930 0.456983 3.372351 
65.065373 79.286596 0.999841 280730.142349 0.264713 4.556924 
67.591141 80.237659 0.999845 266720.198942 0.237696 4.762281 
120.886642 85.025514 0.999862 -88485.679921 0.058340 6.150449 
123.815276 83.727863 0.999857 -91622.194490 0.050470 6.170194 
102.793915 59.301668 0.999716 -108257.122598 0.015544 6.759125 
99.656976 58.749930 0.999710 -73869.566801 0.012216 7.038118 
93.460765 73.837613 0.999817 -77750.170261 0.067989 6.251836 
81.735790 70.379527 0.999798 -15876.837577 0.097993 5.802798 
50.020352 71.446408 0.999804 387935.623093 0.302647 4.462914 
50.124254 72.815162 0.999811 428361.398344 0.299119 4.491022 
111.651984 81.847842 0.999851 -50121.025019 0.056141 6.224760 
112.805474 76.894186 0.999831 -30091.936592 0.044133 6.220483 
89.809859 72.039438 0.999807 -81858.915367 0.094208 5.729456 
86.583688 70.841722 0.999801 -71173.883565 0.099975 5.664634 
86.566192 70.298614 0.999798 -29160.413781 0.032358 6.273898 
91.533091 68.655709 0.999788 -47106.515995 0.022840 6.658855 
83.980235 79.724497 0.999843 195503.748606 0.120459 5.872110 
82.372734 81.705205 0.999850 265731.746789 0.124879 5.876587 
89.256635 70.868601 0.999801 109124.674158 0.022235 6.532309 
72.627932 66.506452 0.999774 162954.863167 0.023991 6.760686 
85.555149 75.247908 0.999823 185493.114913 0.100107 5.856317 
78.654384 75.600259 0.999825 235506.064557 0.120076 5.621192 
156.753674 57.814792 0.999701 -374144.441560 0.018458 6.366026 
156.649645 64.263304 0.999758 -431789.916468 0.017966 6.513312 
64.579097 62.496895 0.999744 108441.115074 0.047574 6.263823 
61.905310 63.022943 0.999748 117018.991845 0.049079 5.996505 
68.821516 74.797350 0.999821 139629.878533 0.148873 5.082474 
61.949627 70.057838 0.999796 172661.155583 0.141922 5.256708 
54.475718 77.581324 0.999834 410930.559908 0.316931 4.043492 
48.736794 70.218406 0.999797 305341.499962 0.346827 3.810768 
69.288510 81.755458 0.999850 286433.230628 0.248679 4.731492 
65.910502 77.810709 0.999835 248587.761949 0.249107 4.589713 
49.784928 69.941514 0.999796 329971.385647 0.326829 4.224589 
49.169806 72.450754 0.999810 393532.806129 0.372536 3.951129 
65.049813 83.682388 0.999857 444449.722168 0.258599 4.769004 
64.298588 84.610177 0.999860 474109.181981 0.283105 4.533401 
31.068864 59.663254 0.999719 339834.704019 0.531180 2.793611 
31.670873 60.612256 0.999728 361597.959155 0.546321 2.770241 
51.130288 66.590466 0.999775 243538.020490 0.274058 4.401876 
59.570976 68.746234 0.999788 182633.246448 0.226785 4.808128 
45.523114 72.795937 0.999811 454718.854679 0.419890 3.576445 
46.285540 74.275102 0.999819 496407.342260 0.435502 3.539953 
64.911164 89.092228 0.999874 619650.116466 0.313718 4.351710 
61.114999 85.004623 0.999862 554097.781567 0.314025 4.360497 
77.225266 79.931050 0.999844 125488.227080 0.140161 5.205396 
76.611260 79.608896 0.999842 151434.596262 0.138543 5.412810 
46.274533 72.826939 0.999811 443290.157854 0.409696 3.670710 
41.197990 68.020193 0.999784 402542.866989 0.436425 3.514794 
31.497592 62.520719 0.999744 413811.408309 0.521299 2.891039 
36.964669 68.561610 0.999787 501003.026677 0.507290 3.084881 
34.506090 77.137425 0.999832 896560.937458 0.593394 2.388320 
37.172456 76.425126 0.999829 781716.948173 0.554116 2.709312 
46.525123 71.627364 0.999805 411198.838719 0.387442 3.784732 
47.136164 70.315627 0.999798 362832.841045 0.384784 3.798308 
62.340918 72.695979 0.999811 214582.958520 0.206122 5.037326 
68.237963 79.375016 0.999841 251288.415104 0.209027 4.899542 
38.742784 66.634005 0.999775 415953.077899 0.374014 3.674452 
37.203875 66.202013 0.999772 426695.665935 0.376035 3.535573 
39.405980 59.345276 0.999716 269253.506565 0.253069 4.599461 
37.358130 58.045415 0.999703 274216.250987 0.252860 4.611480 
47.893627 53.428006 0.999650 82133.956293 0.186881 5.021613 
43.387842 52.486670 0.999637 104694.813933 0.142322 5.135276 
47.352187 83.561690 0.999857 792533.176888 0.376581 3.390377 
43.338059 74.384488 0.999819 558894.488773 0.375384 3.586635 
66.508765 80.615096 0.999846 316352.585056 0.178886 5.194608 
60.425956 78.791276 0.999839 386453.764566 0.169615 5.181280 
61.043642 70.949140 0.999801 193719.177571 0.143304 5.227745 
66.680423 71.183364 0.999803 136885.900888 0.140307 5.331693 
58.220785 84.440326 0.999860 568498.980884 0.254108 4.468366 
52.756167 77.674762 0.999834 457701.355944 0.258290 4.391628 
49.485250 72.862760 0.999812 405357.915635 0.254460 4.512182 
49.946630 72.490658 0.999810 392631.368018 0.253787 4.587830 
74.556211 78.622450 0.999838 180914.143411 0.137479 5.579738 
73.564477 80.353987 0.999845 217380.261684 0.138411 5.513764 
65.031840 72.849907 0.999812 182561.097635 0.138846 5.384701 
63.244894 71.929078 0.999807 200315.048970 0.138386 5.422454 
60.402149 71.080850 0.999802 203275.990724 0.220719 4.880345 
56.766366 69.471782 0.999793 213087.295369 0.223442 4.818610 
41.968614 72.849387 0.999812 545977.994412 0.309482 3.997974 
46.998775 75.994023 0.999827 533384.563521 0.321360 4.007540 
46.872415 67.026650 0.999777 339213.642082 0.180565 5.034983 
51.002824 68.586811 0.999787 292936.603155 0.169588 5.114975 
52.824137 75.826435 0.999826 419463.559840 0.289976 4.412202 
48.991818 74.287604 0.999819 441442.502383 0.283212 4.316060 
38.807904 68.688634 0.999788 498710.418224 0.373751 3.754991 
34.568379 63.553951 0.999752 418365.516378 0.374827 3.704129 
68.919767 80.968208 0.999847 281497.836764 0.192997 5.149254 
67.241867 87.225549 0.999869 498135.795451 0.213130 4.999908 
59.254869 79.966935 0.999844 469399.920827 0.144888 5.154857 
54.665223 75.136006 0.999823 421093.703787 0.143342 5.182155 
69.438090 75.816194 0.999826 207722.277638 0.173194 5.447910 
66.968571 75.807958 0.999826 235378.016998 0.170419 5.438341 
46.185583 72.818146 0.999811 470335.198506 0.255190 4.414471 
46.798059 71.562892 0.999805 426237.332908 0.253446 4.552293 
34.095035 61.819280 0.999738 380495.131164 0.373831 3.672118 
32.854841 59.794418 0.999720 343237.908013 0.374664 3.645319 
34.315229 60.297203 0.999725 330762.207034 0.275917 4.173015 
34.842096 61.667246 0.999737 362381.455683 0.277682 4.130199 
44.926745 71.177304 0.999803 423155.302925 0.412039 3.666669 
43.398127 70.686408 0.999800 436861.829886 0.412504 3.653783 
53.185116 72.129086 0.999808 334334.196304 0.265397 4.606241 
51.803803 71.812089 0.999806 364423.942186 0.245886 4.756336 
58.443379 60.257440 0.999725 71558.648666 0.139079 5.339354 
55.227182 61.506037 0.999736 115377.932715 0.138126 5.376510 
41.385390 65.078089 0.999764 342484.569332 0.323232 4.177058 
28.950719 53.011740 0.999644 279134.561473 0.267373 3.936907 
48.368921 63.026093 0.999748 260529.655652 0.143179 5.298771 
60.386836 80.825555 0.999847 470017.977769 0.145504 5.120971 
43.185162 63.466660 0.999752 296277.143373 0.254926 4.381171 
41.756059 62.590123 0.999745 282648.682948 0.255505 4.359686 
74.466689 90.273056 0.999877 433314.386217 0.140547 5.352887 
75.017466 91.124682 0.999880 455786.717399 0.140624 5.347408 
44.763352 74.414048 0.999819 511698.888389 0.373547 3.607902 
42.647953 71.433241 0.999804 463906.973257 0.374836 3.583804 
51.673470 78.669641 0.999838 559458.083992 0.254314 4.548067 
58.338920 81.871801 0.999851 515146.486273 0.252453 4.702817 
40.682610 69.711592 0.999794 482109.525861 0.374078 3.820481 
37.271241 66.599691 0.999775 459506.953213 0.374124 3.773775 
52.434898 70.138587 0.999797 295693.164055 0.146430 5.079983 
51.105804 69.259264 0.999792 292367.243366 0.144985 5.107381 
53.115308 75.487455 0.999825 412350.216458 0.254054 4.554307 
46.471922 71.287005 0.999803 406778.813597 0.256953 4.363226 
44.746410 63.613379 0.999753 257526.270648 0.256163 4.374876 
45.052171 65.163368 0.999765 273703.246367 0.255403 4.327277 
67.871097 86.237780 0.999866 485346.439615 0.142345 5.196931 
68.220984 84.990958 0.999862 434288.438982 0.140899 5.254230 
66.449881 80.184071 0.999844 302064.445991 0.160076 5.030201 
62.925041 75.776104 0.999826 246432.713076 0.163018 4.984222 
57.702522 80.003546 0.999844 487642.187121 0.329621 4.267853 
61.967937 83.304475 0.999856 518455.562522 0.297499 4.460709 
61.592370 81.185227 0.999848 477261.445736 0.201584 5.069847 
66.753181 83.607240 0.999857 465771.817531 0.151707 5.430073 
28.658907 61.267353 0.999734 455192.087523 0.394654 3.370559 
29.616223 60.871008 0.999730 427315.800113 0.385251 3.461924 
49.576374 67.190217 0.999779 309926.464769 0.252302 4.668191 
46.482645 61.257472 0.999734 219905.770170 0.252012 4.658378 
47.455974 73.413029 0.999814 457145.967189 0.387783 3.859774 
42.343313 68.301366 0.999786 390136.092671 0.415281 3.626928 
72.540406 81.560313 0.999850 275978.203278 0.139694 5.392554 
65.652823 83.430105 0.999856 443820.823523 0.150843 5.017832 
42.888510 66.202055 0.999772 338909.325564 0.270779 4.036853 
40.267970 64.546988 0.999760 342234.093213 0.266123 3.934369 
62.384438 68.320775 0.999786 162651.160170 0.138443 5.456375 
54.382841 60.078756 0.999723 106742.680812 0.139791 5.177942 
63.561821 67.695690 0.999782 118663.080257 0.168938 5.166452 
104.697170 83.811502 0.999858 171786.002887 0.038881 6.575257 
55.527579 74.304592 0.999819 324580.012654 0.326906 4.206284 
56.918095 73.555836 0.999815 283791.448521 0.291688 4.405277 
50.640388 71.265993 0.999803 323228.604841 0.309105 4.197152 
42.617267 66.879240 0.999776 338706.190724 0.306357 4.040099 
74.152302 83.832256 0.999858 259593.034253 0.165236 5.329121 
125.339608 91.597901 0.999881 -194875.497231 0.030242 6.504559 
40.599546 70.267162 0.999798 492449.926771 0.259721 4.123807 
37.925517 68.013871 0.999784 464729.879469 0.264788 3.993479 
51.117498 76.112053 0.999827 456567.173904 0.261457 4.365745 
35.743250 62.562693 0.999745 350788.526306 0.292483 3.977713 
49.307300 69.887505 0.999795 332139.916011 0.252871 4.603775 
44.333965 67.479246 0.999780 373357.313613 0.253881 4.607347 
28.286306 63.850625 0.999755 571136.631082 0.387422 3.252668 
28.402290 66.575634 0.999774 680537.461476 0.381392 3.212132 
35.305737 66.131701 0.999771 467843.887958 0.381791 3.503046 
29.457712 60.966473 0.999731 442683.029353 0.377615 3.453184 
61.977134 81.591154 0.999850 433843.622901 0.191984 5.095913 
59.822858 80.321703 0.999845 431925.583033 0.206323 4.946132 
60.907717 69.093363 0.999791 172048.836122 0.176254 5.237801 
58.158293 66.947380 0.999777 149433.431545 0.172482 5.002790 
80.464699 93.577505 0.999886 421906.393466 0.142162 5.474156 
73.302110 85.283719 0.999863 320037.821127 0.189436 5.216431 
54.637932 71.200992 0.999803 279913.508231 0.312437 4.182142 
51.673284 67.784330 0.999782 245544.219912 0.312053 4.194181 
57.462120 65.217264 0.999765 123619.517729 0.183245 4.922278 
52.891846 63.604102 0.999753 153509.562496 0.232377 4.662337 
41.765253 62.202446 0.999742 259973.299592 0.313207 4.110866 
34.714932 59.071057 0.999713 283956.511112 0.413499 3.459088 
40.203087 59.531485 0.999718 228805.859612 0.254145 4.385011 
39.563153 59.109371 0.999714 219471.065079 0.262432 4.211288 
50.797480 69.730428 0.999794 314991.440181 0.256298 4.564034 
45.638488 67.686174 0.999782 352617.586552 0.255558 4.352964 
61.638390 69.925307 0.999796 182561.678237 0.138710 5.370277 
60.165380 72.580055 0.999810 260452.608139 0.139604 5.418023 
65.666992 71.318361 0.999803 149832.977083 0.173668 5.031267 
62.904108 68.541631 0.999787 113256.905671 0.165934 4.922504 
72.689052 86.760266 0.999867 366359.801365 0.173013 5.231940 
58.968958 80.096074 0.999844 423673.900296 0.198883 4.843605 
59.956892 68.323609 0.999786 152013.785538 0.140170 5.191773 
63.462298 71.440061 0.999804 156542.227858 0.140882 5.164383 
55.299006 73.279870 0.999814 351857.317818 0.173140 5.239951 
58.875255 73.959388 0.999817 301507.405625 0.147155 5.381340 
39.516669 72.791116 0.999811 605177.254863 0.379206 3.279489 
40.525908 73.704050 0.999816 609683.192533 0.378387 3.239834 
74.514033 79.364233 0.999841 227580.230224 0.137761 5.611272 
80.990902 87.539281 0.999870 299168.795762 0.137599 5.581441 
55.757168 79.183515 0.999841 486874.606819 0.254510 4.435382 
55.043492 81.830376 0.999851 576663.899451 0.255703 4.426344 
